3,2
3,1
3,3
10,157
10,182
10,226
10,211
10,9
10,82
10,247
10,246
10,2
10,3
11,18
11,7
9,4
9,6
9,2
9,3
8,4
8,10
8,14
8,11
8,2
8,3
46,4
46,3
46,2
46,1
46,0
39,3
39,1
38,3
38,1
37,3
37,1
36,3
36,1
25,3
25,1
12,3
12,2
12,1
11,28
11,27
11,26
11,25
11,24
11,23
11,22
11,21
11,20
11,19
11,17
11,16
11,15
11,14
11,13
11,11
20,2
20,1
20,3
11,8
11,5
11,3
19,2
19,1
11,2
19,3
11,1
10,302
10,301
10,300
10,299
10,298
10,297
10,296
10,295
10,294
10,293
10,292
10,291
10,290
10,289
10,288
10,287
10,286
10,285
10,284
10,283
10,282
10,281
10,280
10,279
10,278
